700008000
009040200
008000105
980000002
000090000
070600000
090000020
005060300
800009000
000903050
923050100
086070023
100405002
005030804
340200016
012649070
709080460
050307000
004203001
000400060
000000530
005040207
041020300
200098000
750000003
006005170
010602005
040060710
076001000
000082009
480000023
005000900
600200004
009020400
504003001
020690050
590300601
300046092
010907048
006030700
029504800
005680400
060805030
403090086
900003257
908000060
030104000
007060902
091450300
020001040
004080159
100020000
080507006
200800000
006000008
070000030
000506000
000001400
004060300
310000600
000608000
060000014
007000000
520140089
407000210
000820700
805701430
300050008
204308500
900670103
001000957
032510060
025090740
007804310
438070009
050000060
800047093
000308001
500436002
982701000
304080107
000860019
208400000
040000600
087000090
400025007
600000340
000208900
000074120
012030004
000503000
030000059
940000000
001000703
003700500
000080000
000020070
000000005
080405000
004000000
000000023
305008000
000900040
000204000
500000609
000091000
000500400
080000905
003000570
000367001
100000234
005600103
204573009
396004750
008000090
540726010
700409025
196050000
300406005
050000060
009005006
005609000
080000259
920500080
500904007
003060001
000700203
060000010
000040060
004000100
000100000
021007600
000038000
000000009
350400000
003008650
060205093
950603002
106300205
004509107
000000430
800901004
015704020
709000316
000020000
000000062
500008000
000400007
007000300
900006000
040000230
090804000
005070400
040106000
506309100
009070806
090250418
001638702
000090300
060842073
074903250
000000084
005403601
700812000
034600908
908000004
560009087
400008009
649000500
280564000
007901846
509062301
400500070
802000900
653700190
000351200
021006583
095603408
000000019
280014005
600720040
050608007
700000090
900040680
005000400
004056901
040900002
500207060
070060009
060204050
900030002
500000900
054920000
090000010
000070249
000000701
300718004
016000820
003000040
600000700
000090300
080700000
000050000
010008004
900400005
030000067
000603000
000000300
009810060
560030007
100000940
030000071
940501600
403050006
000100290
012000004
420700090
050060020
008002500
730000805
200507009
100000067
003040700
000379006
004005900
000609000
039000620
605200300
103020000
060000080
520076000
400060030
092008700
000304102
036850020
200730008
100049500
365000807
700508203
002307600
087024060
920600005
003075002
000000000
400810090
030960200
106000507
900108004
070005000
005090012
090480700
780000043
006913000
070005840
905000031
009031000
008209300
030000090
500000006
060040050
300060107
490100050
250096000
000042300
000065000
501000904
040001030
005200000
300610540
080700096
000763520
000090406
160200079
008035062
024000900
500980140
430006098
200340600
097108004
300001000
090000050
000063000
060000003
800000004
900600080
008030500
030000010
001008600
003060000
805000706
000205100
130070020
000020070
270090060
067802000
300000207
080703040
001592400
325004009
490008050
006970080
510806092
970020605
750000020
009200060
002439500
000001907
600000004
004070280
406009000
000102040
080750030
003090720
700508006
000300401
090005000
680000001
704020090
047002050
000789100
900300800
000930402
008070010
030008006
000000020
070060000
000000100
006100400
000603010
040000000
302000006
600020080
007000201
070000093
000510000
900000600
000940000
001000750
000005900
039000000
000360010
000000006
819000062
004006009
000985001
490060107
201030908
080590400
100674000
642100070
950020614
006800700
000000060
030007000
000010000
050000410
001070000
003500800
100040006
000001007
701000390
608930502
030567040
005029030
360000029
297340000
020070018
810250007
076000203
098050037
030879650
050203080
084592003
000368040
025000006
800000405
507080009
000405768
005009000
000010600
000008002
000000320
300200007
200003060
030000049
000070200
000002000
002050876
010637000
075020030
050803009
003096700
060000305
047301020
900285047
801070650
080194500
040750020
005080904
901008067
708209105
500007208
003070601
450900082
010020700
005000038
007000920
000203000
000070000
000000070
600301000
000902000
038000200
000000703
080300945
509608001
200090360
650009407
003050800
007410000
005281090
900507104
310004570
100700040
006000000
080052000
500000000
000520800
040000010
010080004
004900050
800005000
750300018
000508006
908200704
091050420
004180500
075024680
160000072
507000300
280690045
000010040
000000050
060020000
002000000
604000002
000702600
070050060
000104000
450007000
098205010
162000504
500861000
035000490
020693850
007000600
004529160
300000045
050314070
007004008
000000010
000206500
000001005
050060080
000400006
805000000
120000000
000100070
000960805
600000001
105302400
340059080
001640700
060018050
816405200
200107608
034026009
700001040
003600010
050000600
300050006
800203000
004090000
030000007
001000005
000007000
201300080
000426000
763000029
306209800
018050230
070108006
830000542
100742068
024500000
001000000
005000602
000020300
006007000
400502070
000000001
000040106
160000000
000106000
400010300
080790000
100004052
000009045
004307900
005008100
530400001
700900063
000020097
001240080
080360040
500000206
000403500
000108000
305000000
750000801
013090050
400001370
301000809
092030540
046895020
009450702
070020050
000671004
600309405
013060290
004502600
902010038
503004062
006305007
057401300
630089054
098503600
020000400
800900203
710630005
068400200
000860010
030027000
900100800
300000065
000004002
003040780
270009001
850700006
800000040
043007009
000090000
070000000
102000406
000000570
000502007
700900200
000070000
805970200
000000500
201400709
096204078
120060004
030198620
307080402
009302000
082040931
000260009
260080140
490100006
700840000
600509010
980071020
134600507
076010092
020038061
000040010
010000400
004000000
702000000
000067000
050000001
000600305
037005000
600030040
603000002
004091000
000025408
200000040
086900070
000207590
065072000
030050607
900000104
038500000
001004005
000079300
290060400
000908030
680010000
507092000
806450000
020001500
008007003
000085940
005490600
950001320
000000000
341000070
010230000
024970005
000100002
057041008
001806004
000030192
510000607
003602900
620100503
300410270
702503010
005067030
260450000
050000073
908000020
709020008
000509000
500080102
000802060
621000080
005910200
050002060
900004001
000050090
000900003
004000210
000700000
000010305
075000000
100000000
041000600
200100003
009000208
100004780
080039000
004010050
000601007
900300006
006708530
109000036
060139070
800406905
407060580
600980003
008040620
701000008
090018760
380704201
006000009
000480000
073000000
000700420
300010000
000009030
030000700
700035000
000008001
059300600
000697850
600450210
002900100
960040085
300005027
000280000
230716008
108004762
500039007
090072538
006501900
040020006
102968400
603000290
910000004
030014860
860290051
040370020
900008300
006090005
000005200
000907006
004600080
039080052
007009003
050760090
000000080
090500000
060000090
006900007
000008000
000005901
904000700
050001000
007000650
000406300
000090046
054000002
000003007
500020009
870009060
020108600
406950000
081030090
000843092
896001400
400960080
600700038
042108560
380000004
034680700
268009300
000010046
090006010
067000008
801000260
003000400
000601700
780200050
905030600
300102900
010500040
000000092
300209001
008000600
000410850
204000006
050036200
002900103
600104908
400000060
706000000
000700080
380000700
000000900
000650040
007003000
000304200
070006008
023000000
100000705
000907280
000410000
800090402
010040950
400570008
006084000
001705000
208000076
000935000
004000090
000800003
040106005
670000048
000507030
009068300
302050001
050020960
000060401
704102006
010740580
005401028
401608900
800020610
030014860
107506009
000090105
000001060
002070100
001000003
000009800
970000004
006005000
000000090
600050000
000800450
340005020
500100094
007029000
000040000
096200380
200058001
008560010
000007400
960300050
850602040
602040501
049000268
030006800
006010075
100004620
063009184
700431006
000805702
000719000
701300005
430000120
000040006
017090500
000107200
520008000
170000069
000070302
000000800
760050000
000900010
039000600
500002001
000100050
000006005
000091000
800000004
003080600
020300710
000206000
700008009
080090026
409500007
204000805
070000060
008051200
000820040
900670000
800000026
008003100
090281000
001006300
060000800
100460200
007010465
000400581
020509000
508010090
076000900
200050006
000607008
009160004
100805009
607000000
000040070
050001000
080500000
003008000
000020600
502009000
009000060
620000001
000060800
036000090
050670040
700000006
040907500
009040600
000206904
400060005
010050060
205300008
105630000
680040900
009005000
500001080
840300095
000008036
000700300
304012000
000960504
010695070
069020000
003801600
236410000
900070006
170036200
504102300
381064005
020903080
000080004
408190000
906503002
084900670
090010040
002700981
240809507
800071430
730050120
200700008
070030000
004000300
061000000
009200600
800000000
000127000
120050000
000000720
530208904
081000507
490001038
700420603
009010400
800670109
050940020
003100745
074502000
700508006
260300000
000204087
000030020
027000500
080025700
043000601
100740000
500003902
000027000
160040000
000000407
006000040
000000080
001000600
904500000
000080004
000600095
502800000
001000500
060070010
000409000
040000050
000705040
000010005
200000000
100048000
040000050
300108000
107050400
604090100
000384005
000001008
032009760
000000003
018006590
005002700
400000000
000004031
210000070
000028000
000010009
000000082
002070600
000200000
050312000
130000590
006050312
207590008
501006200
308021005
615040800
020007951
000135000
000106083
602490050
430070009
204960300
056001890
008050206
140080002
065310008
007609001
050000001
000076000
030000000
000700000
007000100
300200040
402000003
003050010
000032400
000160293
092835000
100000005
020058310
014000659
030410020
201000536
070521900
000083102
580006107
079020406
640387050
000200500
893000200
200008603
020100065
006852709
108009024
560080900
040000020
000496007
400000200
800107009
093805070
008060452
030000090
004008003
000706800
537080000
060300050
000860500
029000400
000072000
180003040
900647080
000000369
507008009
430060070
000403050
600042005
208000704
000730000
000000897
080010420
049200000
106090400
050000012
924035700
810300009
007281040
040650800
001720390
030908154
409010200
000001005
890000100
000670000
000000600
001020000
900000001
000094000
050000804
000802060
000600000
000500068
060000090
010300002
400060005
603000000
000000001
000080050
002003800
002000006
070050020
000000004
000100700
200060008
000200600
000806000
040010060
605000000
530980070
020070068
700403109
805700901
003605807
270009005
008060200
010294080
942050010
400502089
108000302
905060400
090130028
081050940
030840170
007695800
300000064
810403005
030009004
000401080
004000000
000000002
000093500
300600001
701080000
000000020
000700800
000640000
048007160
100508027
031209500
007050200
002000894
800104902
094075630
310960008
000904000
040380900
030000080
200006003
084030700
309000024
720003040
003090005
000672300
000010000
003400200
000800000
000000704
030700020
170000000
360009000
800005070
000030050
075020000
900600700
000300040
004000100
200000008
090006000
050400000
000000504
000030070
000506000
000009000
006000009
005030040
080000063
000080000
604000000
020008054
010090000
060350092
900120000
007008345
041030720
500806003
098070560
089003200
200900480
010082039
640000000
000010000
080000007
506807100
010050780
004103206
000902038
003068070
758000600
000503064
005000901
084090002
902080000
071000390
000030000
100960080
090007003
000308640
000060010
005107000
100000600
038001000
050000070
006000005
000000700
400000809
000070500
060004007
080200600
300000000
805002000
040000020
000060008
001000000
000005860
008000300
900000005
500010040
070500010
089070100
000105000
051080700
805900001
002060507
600201098
705018000
008600010
900004832
090020060
200950000
010800020
302001054
057002000
000060008
097000200
300020900
000093074
000200700
840001006
702300010
020030007
000012050
078005300
600000307
053800000
009600005
020040078
801030604
540060030
900007050
005400063
000006010
004600802
653020000
208000073
010000530
930000064
060205980
500702308
306489010
009300426
700009000
008000530
200050009
000500000
020000450
000003000
600700005
002800960
000000004
901070260
420080095
000402810
072650030
106020078
040700620
090305107
300247906
700009000
300000187
010308500
000010000
086050300
100603908
000090060
060105000
500709010
491000005
000070300
000005020
003600700
700000080
000020000
060000037
008500200
300004000
050080000
006800900
800005062
095000080
000030000
000028605
501070300
050209700
700004001
019000240
040000500
000090300
000400010
600009000
030000050
000700008
100000607
000216000
004000020
003002908
090071060
040600210
700009600
009010300
061040050
304800000
000960000
900100080
008050600
006700000
900000500
007000000
200006003
010000908
000008000
070000010
000210009
000030760
070601080
609000000
900370008
050060020
720005009
006400000
037106090
000093800
001060820
000002500
000804093
970100080
000080006
810400070
108000000
000001350
705040902
005002100
200060030
000005708
500410007
000203600
400050003
030004081
100630000
027000340
070095040
003002005
001003020
000251000
082000753
560080200
097500000
000000460
300070002
903040706
000623900
048059012
000000070
870012039
000307045
060430821
030208560
205070003
600080030
007000000
000000700
000002094
009608000
000000086
000804600
040700000
800010020
700020460
000600073
502403000
017000000
000867000
080302600
006000002
208000710
100086530
900003070
700600500
025071000
002006009
307000408
080700020
079012000
040900056
200360000
000816070
000500060
706020800
005007100
600180007
801005600
062000908
390600000
000090006
310405700
204307001
760080000
000020917
070509040
006710053
007041068
680203004
000608172
000002700
050000840
001408000
000000007
480000009
009010080
000040000
800000003
000200500
005003001
030000009
400700500
000020800
600140005
004000000
000000930
000030000
008000050
900307056
080000040
050819002
495000061
100534007
230000485
006273018
002000500
009451620
620040910
508600000
000107260
000204501
401070609
270906080
106090042
054300096
390060057
100090080
300060000
000000700
030000910
000902000
000000002
003000060
070609003
060010007
000936000
040000091
300010605
007000020
098000410
410600000
172000003
000104902
000328000
894000070
000942030
320000694
600400021
007869400
400200906
940020065
002634809
063008040
010000020
600000000
200540000
000000500
500300007
000005003
000150000
000090150
056000080
407500190
021980000
600010003
075002410
040301850
010050032
100248069
208170000
094005201
906002007
072300890
400059000
600520080
053108760
010036000
007210908
049600152
120094003
200000003
050000010
000510900
010200000
020040090
000001028
002030000
006400000
400000006
000070000
300001006
000300200
000020000
008000700
760400000
080500900
900007001
000004020
600010008
000000060
700502010
030070405
020039070
087040003
004308600
060107000
809050002
009610703
010280059
065709120
670001302
000090007
090320800
001000286
000150004
932400570
009070501
010034020
000059008
900000805
180000070
000701200
260003050
090500080
001000302
860900000
500003069
904080001
009014002
005208400
040030900
458000007
000007000
710009500
200000007
000006200
700020004
005200600
020080050
080000020
300050002
010000340
000000000
010030050
407260300
302005687
000602000
603050208
040703090
508300971
001096804
920070060
000850070
002000601
107020005
970000004
000903000
004008510
790080006
006007100
000064790
000070002
000005060
002000700
250040000
000000000
007050200
000400900
080001003
670000040
200000603
000005090
070203040
019008200
700020001
006500370
107000009
002104060
080609020
000000005
106800000
000470001
000003050
000080000
005009100
000004503
000300000
520000010
000000001
206000500
070040000
004600010
020000030
001000060
030050000
400300000
900001400
000907000
003000896
980000700
001030060
200050001
030179000
304700080
007004603
520000007
400769000
007030600
013000790
100503009
050040060
000608050
065000410
201000906
000080002
000090005
000500129
209400000
502049000
013000250
004320000
040600502
100002040
300050010
007093400
000705900
005610370
621800700
450070028
008002596
540060007
706501034
000007059
000060004
030907000
002308017
705000128
310070009
206080403
001706095
650819000
987050360
000005080
003170900
070900600
020000167
100060005
007504000
000007210
700021009
200400078
001670408
700000005
003500000
480010053
032050670
650090084
010002540
304105802
205087310
000087000
807000200
060000070
610300000
000040800
000006092
000004000
003000600
000930000
004050600
000472090
075000201
100030974
067010030
290700806
812300700
500807063
000591028
003900000
400030000
000008001
100000020
024000100
000006090
000890010
900005000
008700000
907002108
084100930
005390070
000234095
800010603
400080020
008740010
049001387
301800204
700840002
000009700
306001540
200150063
010000080
000900020
005000204
070410006
460003001
700000200
009104000
000020507
002300050
095040300
300019020
601090030
040208006
280601000
400003009
000020830
080000000
609000000
000030900
020000074
870000003
000700640
000300000
129305080
000127000
760040003
301006542
000283000
206500938
890050006
003070409
047609020
200000750
603017000
170900030
004009500
006840010
059100400
030008095
000250000
080000106
370050000
000201003
000000004
005300400
080000030
000005060
700000000
010000087
500920000
009001060
005600003
000500008
008010670
510000029
063070100
600302800
050008430
080009000
060000200
400706030
790000004
007009018
009080600
081007003
930000085
500408090
000070300
005007204
002610000
040900370
400078030
050000080
300040000
090001053
000830100
103005700
090000027
200010000
700005000
000103070
000080000
400000000
000000004
002030700
080502010
200601008
360080000
090200160
006100040
102060307
004003020
010000090
000016503
000302400
008000000
000100040
000000008
700000304
030028000
500030007
000000070
800006090
000307050